__author__ = 'ilap'

from bioLibrary import *


'''
Definitions:
    @@@@ 4.4
    * Bald limb: the row and column subtracted by Limb Length
    * Bald D: Obtained from D whereeach off-diagonal element in the jth row and column of D is substracted by Lib Length.
        where jbecome bald limb or limb of 0 length
    * Trimmed D: D distance matrix ignoring bald limb (removing jth row/column) nxn D --> (n-1)(n-1)Dtrimmed

'''



    ##(i,n,k) =

### """ Main """

N=4
j=0
text ='''0 13 21 22
13 0 12 13
21 12 0 13
22 13 13 0'''

text1 = '''0 6 8 7 7 8 7
6 0 10 9 9 10 9
8 10 0 3 9 10 9
7 9 3 0 8 9 8
7 9 9 8 0 5 4
8 10 10 9 5 0 5
7 9 9 8 4 5 0'''

N=22
text= '''0 2079 5416 6886 3841 7228 2737 2503 5937 4881 5504 2481 3475 5069 3617 4655 4164 5384 4211 2250 5640 1815
2079 0 5867 7337 2872 7679 3188 2954 6388 5332 5955 1512 3926 4100 4068 3686 4615 4415 3242 2701 6091 2058
5416 5867 0 1620 7629 1962 3719 3847 1129 1467 1622 6269 3591 8857 2743 8443 2688 9172 7999 5126 1446 5603
6886 7337 1620 0 9099 1656 5189 5317 2599 2937 3092 7739 5061 10327 4213 9913 4158 10642 9469 6596 2916 7073
3841 2872 7629 9099 0 9441 4950 4716 8150 7094 7717 1704 5688 2694 5830 2280 6377 3009 1836 4463 7853 3820
7228 7679 1962 1656 9441 0 5531 5659 2941 3279 3434 8081 5403 10669 4555 10255 4500 10984 9811 6938 3258 7415
2737 3188 3719 5189 4950 5531 0 1168 4240 3184 3807 3590 1778 6178 1920 5764 2467 6493 5320 2447 3943 2924
2503 2954 3847 5317 4716 5659 1168 0 4368 3312 3935 3356 1906 5944 2048 5530 2595 6259 5086 2213 4071 2690
5937 6388 1129 2599 8150 2941 4240 4368 0 1988 2143 6790 4112 9378 3264 8964 3209 9693 8520 5647 1967 6124
4881 5332 1467 2937 7094 3279 3184 3312 1988 0 1555 5734 3056 8322 2208 7908 2153 8637 7464 4591 1691 5068
5504 5955 1622 3092 7717 3434 3807 3935 2143 1555 0 6357 3679 8945 2831 8531 2776 9260 8087 5214 1846 5691
2481 1512 6269 7739 1704 8081 3590 3356 6790 5734 6357 0 4328 2932 4470 2518 5017 3247 2074 3103 6493 2460
3475 3926 3591 5061 5688 5403 1778 1906 4112 3056 3679 4328 0 6916 1792 6502 2339 7231 6058 3185 3815 3662
5069 4100 8857 10327 2694 10669 6178 5944 9378 8322 8945 2932 6916 0 7058 1348 7605 2077 2172 5691 9081 5048
3617 4068 2743 4213 5830 4555 1920 2048 3264 2208 2831 4470 1792 7058 0 6644 1491 7373 6200 3327 2967 3804
4655 3686 8443 9913 2280 10255 5764 5530 8964 7908 8531 2518 6502 1348 6644 0 7191 1233 1758 5277 8667 4634
4164 4615 2688 4158 6377 4500 2467 2595 3209 2153 2776 5017 2339 7605 1491 7191 0 7920 6747 3874 2912 4351
5384 4415 9172 10642 3009 10984 6493 6259 9693 8637 9260 3247 7231 2077 7373 1233 7920 0 2487 6006 9396 5363
4211 3242 7999 9469 1836 9811 5320 5086 8520 7464 8087 2074 6058 2172 6200 1758 6747 2487 0 4833 8223 4190
2250 2701 5126 6596 4463 6938 2447 2213 5647 4591 5214 3103 3185 5691 3327 5277 3874 6006 4833 0 5350 2437
5640 6091 1446 2916 7853 3258 3943 4071 1967 1691 1846 6493 3815 9081 2967 8667 2912 9396 8223 5350 0 5827
1815 2058 5603 7073 3820 7415 2924 2690 6124 5068 5691 2460 3662 5048 3804 4634 4351 5363 4190 2437 5827 0'''

m = Matrix (text, N)



tree =  m.AdditivePhylogeny(N)

tree.printNodes ()



